Break in iteration 31

TOTAL EXECUTION TIME = 19310

Cluster values: 605954 917585 584765 375987 72099.4 510939 413204 333234 576720 484656 747804 258308 905615 413954 515912 

Cluster values: 658581 615290 681543 800124 181756 407043 454891 554492 551147 258410 907812 367647 703108 353352 150540 

Cluster values: 67738.3 852853 660432 820573 199263 59387.7 149013 441917 46779.3 355618 784346 365658 624507 318043 466249 

Cluster values: 163609 829017 923338 519605 42856 219925 687330 562858 133595 584062 811792 336821 710709 146808 237555 

Cluster values: 588062 920938 645250 436440 127841 141749 202365 411201 186821 297150 621769 345222 538436 354350 595174 

Cluster values: 678998 948834 869986 661693 374007 174672 159623 774844 556643 288949 752649 320623 364588 167626 323502 

Cluster values: 164273 831093 927500 531773 43706 221167 692261 559606 131622 592248 814101 339216 720624 140410 234175 

Cluster values: 764085 862041 376274 61196.1 179620 130376 299802 713877 274885 484474 447680 571515 282893 747174 314377 

Cluster values: 743204 876875 700499 931872 130361 57082.2 434446 433222 235606 216510 539723 203921 866655 285192 337650 

