Break in iteration 315

TOTAL EXECUTION TIME = 413542

Cluster values: 69141 1030.28 384.991 230.986 1.67653 0.792932 70278.4 296.675 0.7491 0.983831 0.820232 0.772912 0.00557077 0.00123364 0.5992 0.992666 

Cluster values: 29190.6 635.411 235.033 158.77 1.48402 0.732589 29547.5 192.753 0.755829 0.987917 0.909049 0.821124 0.00805742 0.00226512 0.675097 0.996887 

Cluster values: 42671 773.542 285.577 191.864 1.50242 0.722934 43163.4 233.072 0.753462 0.988603 0.897922 0.820149 0.00669376 0.00188609 0.67585 0.996147 

Cluster values: 46442 817.331 308.535 193.604 1.6114 0.761987 47002.7 243.151 0.744976 0.988082 0.875971 0.792793 0.00664356 0.00163818 0.632125 0.995437 

Cluster values: 149522 1465.72 539.706 355.159 1.52208 0.749055 151358 436.118 0.774991 0.987903 0.874496 0.809202 0.00361448 0.000959179 0.655559 0.993381 

Cluster values: 176634 1605.87 604.222 375.681 1.61169 0.779863 179025 474.102 0.77721 0.986666 0.860855 0.785726 0.00342379 0.000807365 0.618148 0.991406 

Cluster values: 32724.1 670.831 244.888 171.057 1.43972 0.701937 33102.5 204.099 0.758319 0.988566 0.914713 0.835707 0.00748831 0.00226578 0.700455 0.997207 

Cluster values: 56037.4 933.384 368.094 196.182 1.8933 0.837093 56873.1 267.082 0.718223 0.985341 0.809764 0.729003 0.00657187 0.0011572 0.534127 0.99245 

Cluster values: 36010.7 701.171 253.011 182.346 1.39793 0.67431 36406.4 214.108 0.760587 0.989132 0.92134 0.849448 0.00702878 0.00227423 0.7243 0.99737 

Cluster values: 50760.2 872.798 339.421 192.674 1.78214 0.809767 51437.8 254.201 0.726827 0.986848 0.840036 0.75376 0.00668622 0.00134976 0.57176 0.994159 

Cluster values: 75870.6 1075.55 404.064 241.343 1.68014 0.797459 77084.2 310.778 0.756257 0.984272 0.825774 0.770581 0.00532783 0.00116342 0.594955 0.992222 

Cluster values: 95441.5 1204.94 455.039 269.561 1.69355 0.801595 96978.2 348.448 0.755188 0.98414 0.827048 0.76701 0.00477627 0.00102315 0.589353 0.991498 

Cluster values: 39290.5 735.615 266.704 188.9 1.42366 0.686946 39725.7 223.649 0.758131 0.989056 0.913902 0.842213 0.0067893 0.00212482 0.712298 0.997014 

Cluster values: 83825.4 1129.37 425.747 253.098 1.68811 0.799221 85143 326.652 0.754978 0.98454 0.827198 0.768779 0.00508129 0.00109973 0.592233 0.992094 

Cluster values: 209245 1753.63 663.185 405.821 1.63784 0.787819 212311 515.905 0.778284 0.985652 0.854902 0.778948 0.00317519 0.000723072 0.607527 0.990148 

Cluster values: 62260 984.826 377.868 212.294 1.79891 0.816811 63222.9 281.521 0.732751 0.984792 0.808107 0.7488 0.00607459 0.00118987 0.56371 0.993109 

Cluster values: 25323.5 591.374 217.669 148.656 1.46757 0.725656 25653 179.481 0.750044 0.987149 0.910267 0.825695 0.00860939 0.00247599 0.682622 0.996783 

