Break in iteration 71

TOTAL EXECUTION TIME = 8925

Cluster values: -2.33092 -0.026897 0.723158 0.282175 1.46902 0.074661 -2.23489 

Cluster values: -1.70831 -0.591979 -2.17355 0.421671 0.290246 2.90898 -0.725989 

Cluster values: 0.0858968 0.127921 -0.563868 1.94837 -0.912342 -1.09214 0.759501 

Cluster values: -0.290854 -1.68835 -1.05824 1.36599 -1.95481 0.746747 -1.91883 

Cluster values: 1.71702 -1.50336 -2.5752 0.913541 1.22705 1.17347 0.359459 

Cluster values: -0.338856 -2.58865 2.09275 1.39161 0.700152 1.4525 -0.107206 

Cluster values: -2.63823 -1.17265 0.590097 1.15506 1.33169 0.937087 2.54405 

Cluster values: 0.82514 -1.04482 -0.0634258 0.269879 2.54243 -1.58587 2.3773 

